      37
 0.00000  0.00000  0.00000
-0.39749 -0.19982 -0.93429
-0.40678 -0.19837 -0.93060
-0.42636 -0.19523 -0.92246
-0.45823 -0.18976 -0.90821
-0.50523 -0.18062 -0.88485
-0.56989 -0.16511 -0.84782
-0.65190 -0.13862 -0.79161
-0.74512 -0.09488 -0.71178
-0.76449  0.00034 -0.60216
-0.68707  0.14293 -0.47336
-0.60651  0.28814 -0.33813
-0.52708  0.42947 -0.19959
-0.45291  0.56046 -0.06086
-0.38783  0.67505  0.07500
-0.33521  0.76778  0.20506
-0.29772  0.83399  0.32664
-0.27727  0.87006  0.43736
-0.27259  0.85000  0.52347
-0.28082  0.79970  0.59368
-0.30302  0.73878  0.65819
-0.34343  0.66257  0.71685
-0.40874  0.56179  0.76691
-0.49159  0.42429  0.79798
-0.56309  0.25719  0.80254
-0.63452  0.07472  0.79207
-0.68742 -0.11282  0.76521
-0.68660 -0.28495  0.71987
-0.65855 -0.44091  0.66538
-0.60900 -0.57786  0.60500
-0.54356 -0.69445  0.54139
-0.46745 -0.79060  0.47673
-0.38516 -0.86728  0.41269
-0.30012 -0.92626  0.35042
-0.21429 -0.96978  0.29058
-0.12797 -1.00000  0.23335
 0.00000  0.00000  0.00000
