      34
-0.00000 -0.00000 -0.00000
-0.41567  0.85223 -0.41442
-0.43501  0.86685 -0.36079
-0.45598  0.87878 -0.30110
-0.47867  0.88728 -0.23330
-0.50304  0.89108 -0.15414
-0.52861  0.88771 -0.05804
-0.55358  0.87181  0.06572
-0.57139  0.82884  0.23952
-0.56077  0.72109  0.48620
-0.51962  0.55920  0.69866
-0.48526  0.41422  0.81472
-0.46232  0.28969  0.87930
-0.44754  0.17742  0.91600
-0.43870  0.07207  0.93444
-0.43453 -0.02964  0.93869
-0.43438 -0.12990  0.93020
-0.43801 -0.23021  0.90884
-0.44557 -0.33159  0.87312
-0.45771 -0.43468  0.81999
-0.47587 -0.53961  0.74377
-0.50333 -0.64557  0.63303
-0.54979 -0.74833  0.45669
-0.74837 -0.50971 -0.50097
-0.68451 -0.49990 -0.59361
-0.63677 -0.50625 -0.63958
-0.60028 -0.51357 -0.66839
-0.57222 -0.51979 -0.68791
-0.55079 -0.52465 -0.70157
-0.53478 -0.52829 -0.71116
-0.52339 -0.53085 -0.71770
-0.51606 -0.53249 -0.72178
-0.51247 -0.53329 -0.72374
-0.00000 -0.00000 -0.00000
